70.54344
72.36747
74.17485
75.96483
77.73658
79.48937
81.222466
82.93516
84.626816
86.296814
87.94461
89.56973
91.1717 
92.75024
94.30505
95.83592
97.34277
98.82556
100.28436
101.71924
103.13037
104.51802
105.88244
107.223976
108.54297
109.83983
111.114914
112.36868
113.60156
114.81398
116.00633
117.17909
118.33265
119.46741
120.58379
121.68216
122.7629 
123.82637
124.872925
125.90289
126.91666
127.91446
128.89668
129.86357
130.81544
131.7526 
132.67526
133.58377
134.4784 
135.35928
136.2268 
137.0812 
137.92268
138.7515 
139.56789
140.3721 
141.1643 
141.94481
142.71376
143.47142
144.21803
144.95372
145.67877
146.39331
147.09761
147.79182
148.47615
149.15074
149.81584
150.47159
151.11818
151.75575
152.38455
153.00467
153.61627
154.21957
154.81467
155.40176
155.98096
156.55237
157.11624
157.67262
158.22174
158.76361
159.29848
159.82642
160.34753
160.86194
161.36981
161.87122
162.3663 
162.8552 
163.33794
163.8147 
164.28549
164.75058
165.20993
165.66364
166.11186
166.55469
166.99219
167.42442
167.85153
168.27356
