69.37182216
71.48556176
73.54515403
75.55284878
77.51080968
79.42111596
81.28576415
83.10666979
84.88566911
86.6245208 
88.3249077 
89.98843852
91.61664954
93.21100638
94.77290563
96.30367665
97.80458323
99.27682535
100.72154085
102.13980719
103.53264313
104.90101048
106.24581579
107.56791208
108.86810054
110.14713228
111.40571001
112.64448977
113.86408266
115.06505654
116.24793775
117.41321282
118.5613302 
119.69270197
120.80770556
121.90668545
122.98995493
124.05779774
125.11046987
126.14820121
127.17119733
128.17964112
129.17369458
130.15350048
131.11918413
132.07085503
133.00860865
133.93252811
134.84268591
135.73914564
136.6219637 
137.491191  
138.34687472
139.18905998
140.01779157
140.83311568
141.63508162
142.42374348
143.19916195
143.96140592
144.71055429
145.44669763
146.16993992
146.88040028
147.57821463
148.26353748
148.9365436 
149.59742974
150.24641635
150.88374933
151.50970168
152.12457527
152.72870254
153.32244822
153.90621103
154.48042542
155.04556326
155.60213559
156.15069431
156.6918339 
157.22619315
157.75445685
158.27735755
158.79567721
159.310249  
159.82195895
160.33174769
160.84061217
161.34960736
161.85984799
162.37251026
162.88883353
163.41012208
163.93774679
164.47314688
165.0178316 
165.57338198
166.14145251
166.72377291
167.32214978
167.93846835
168.57469421
169.23287501
169.91514217