69.04326
71.27238
73.27318
76.20097
77.56993
79.131935
81.14234
83.11281
85.28301
86.83139
87.48815
89.86557
90.941376
92.79888
94.70983
96.98448
97.9786 
99.240715
102.33895
103.22544
104.245155
105.25738
106.39575
107.16729
107.96669
109.06055
110.225685
112.816895
113.93764
115.03832
116.389854
117.984276
118.884125
119.21253
120.45981
121.282646
122.69737
123.13976
124.93508
125.80447
127.299126
128.6399 
130.09557
131.01413
131.92542
132.75502
133.79623
134.6921 
135.63527
136.38257
136.81422
137.25601
138.10173
139.09723
139.46677
139.84425
140.43297
141.48987
142.75865
143.22469
143.40187
144.64055
145.83322
146.98784
148.59567
149.09285
149.154  
150.58624
150.95508
151.34866
151.7086 
152.20091
152.7291 
153.33858
153.95143
154.52261
154.57152
155.04126
155.44414
156.75523
155.3722 
156.10512
156.8265 
159.13725
157.3606 
158.38426
159.40477
160.50774
161.50677
162.59659
163.0285 
163.47295
164.44652
163.78717
164.58757
165.42986
166.24496
166.03998
166.61314
167.16904
167.72926
168.29556
168.859  
169.89018